#      energy [MeV]		#ph			     e_min			e_max		    exposure cm^-2 s^-1	     PSF		 #ph background			
2.846876220703125000e+02 1.520000000000000000e+02 2.000000000000000000e+02 3.693752441406250000e+02 2.251029081339874878e+11 2.666747389119670381e-02 1.102408289411760478e+02
5.257827758789062500e+02 1.350000000000000000e+02 3.693752441406250000e+02 6.821903076171875000e+02 2.800481017385858765e+11 7.351113878478940378e-02 7.876139549580595656e+01
9.710556640625000000e+02 1.300000000000000000e+02 6.821903076171875000e+02 1.259921020507812500e+03 3.273304748435639648e+11 1.718926273160646112e-01 4.762285018946173665e+01
1.793419677734375000e+03 1.320000000000000000e+02 1.259921020507812500e+03 2.326918212890625000e+03 3.616866399895917969e+11 3.311757222649538424e-01 2.367265218920260850e+01
3.312223632812500000e+03 9.500000000000000000e+01 2.326918212890625000e+03 4.297529296875000000e+03 3.659862597432113647e+11 5.227344452671990327e-01 1.035734038787342826e+01
6.117267578125000000e+03 2.300000000000000000e+01 4.297529296875000000e+03 7.937005371093750000e+03 3.592761960914084473e+11 6.856286033796746837e-01 4.283206145378233742e+00
1.129783593750000000e+04 8.000000000000000000e+00 7.937005371093750000e+03 1.465866601562500000e+04 3.644052302347897339e+11 7.864620179167428615e-01 1.936447385517760855e+00
2.086570312500000000e+04 0.000000000000000000e+00 1.465866601562500000e+04 2.707274023437500000e+04 3.624677987981023560e+11 8.308830126040005482e-01 7.900069636255063754e-01
3.853637109375000000e+04 0.000000000000000000e+00 2.707274023437500000e+04 5.000000000000000000e+04 3.720738956687543945e+11 8.460266648053553773e-01 3.197550891228692627e-01
