#energy [MEV]			# ph			exposure [cm^-2 s^-2]        PSF
2.846876220703125000e+02 1.420000000000000000e+02 2.251029081339874878e+11 8.432144274544776594e-03
5.257827758789062500e+02 1.110000000000000000e+02 2.800481017385858765e+11 8.985932451147383634e-03
9.710556640625000000e+02 9.900000000000000000e+01 3.273304748435639648e+11 6.917768405873598106e-03
1.793419677734375000e+03 6.900000000000000000e+01 3.616866399895917969e+11 4.342939592518120159e-03
3.312223632812500000e+03 3.900000000000000000e+01 3.659862597432113647e+11 2.612148120751596556e-03
6.117267578125000000e+03 2.300000000000000000e+01 3.592761960914084473e+11 1.695926726856912710e-03
1.129783593750000000e+04 1.500000000000000000e+01 3.644052302347897339e+11 1.153414941851177954e-03
2.086570312500000000e+04 1.100000000000000000e+01 3.624677987981023560e+11 8.211261596945521090e-04
3.853637109375000000e+04 7.000000000000000000e+00 3.720738956687543945e+11 6.279019229397691431e-04
